1 14 1426596031
2 19 1426596031
3 18 1426596031
4 19 1426596031
5 20 1426596031
6 17 1426596031
7 18 1426596031
8 24.5 1426596031
1 13.9994 1426596061
2 19.0102 1426596061
3 18.1151 1426596061
4 19.2234 1426596061
5 20.1505 1426596061
6 16.8338 1426596061
7 17.798 1426596061
8 24.6199 1426596061
1 14.1945 1426596091
2 18.7738 1426596091
3 18.2899 1426596091
4 19.0622 1426596091
5 20.371 1426596091
6 16.8178 1426596091
7 17.8126 1426596091
8 24.8166 1426596091
1 14.1132 1426596121
2 18.6353 1426596121
3 18.2803 1426596121
4 19.2642 1426596121
5 20.5174 1426596121
6 16.5792 1426596121
7 17.6362 1426596121
8 24.9303 1426596121
1 14.0341 1426596151
2 18.8291 1426596151
3 18.2076 1426596151
4 19.0392 1426596151
5 20.6887 1426596151
6 16.5439 1426596151
7 17.7453 1426596151
8 25.1531 1426596151
1 14.1621 1426596181
2 18.7368 1426596181
3 18.3598 1426596181
4 19.252 1426596181
5 20.5562 1426596181
6 16.4582 1426596181
7 17.9697 1426596181
8 25.2952 1426596181
1 14.1678 1426596211
2 18.9131 1426596211
3 18.1545 1426596211
4 19.0854 1426596211
5 20.4692 1426596211
6 16.6028 1426596211
7 18.1052 1426596211
8 25.3106 1426596211
1 14.2657 1426596241
2 19.0604 1426596241
3 18.2436 1426596241
4 18.8825 1426596241
5 20.5428 1426596241
6 16.719 1426596241
7 18.3528 1426596241
8 25.0739 1426596241
1 14.0528 1426596271
2 19.1124 1426596271
3 18.1298 1426596271
4 18.8477 1426596271
5 20.5498 1426596271
6 16.5356 1426596271
7 18.4959 1426596271
8 24.9224 1426596271
1 13.8769 1426596301
2 18.9407 1426596301
3 17.8806 1426596301
4 18.6175 1426596301
5 20.6025 1426596301
6 16.7772 1426596301
7 18.3876 1426596301
8 24.9263 1426596301
