1151427106735
2171427106735
3181427106735
4191427106735
5201427106735
6231427106735
7241427106735
8251427106735
115.11051427106765
217.09441427106765
318.16641427106765
418.89151427106765
519.89561427106765
623.10611427106765
723.99491427106765
825.23851427106765
115.09581427106795
217.04051427106795
318.07181427106795
418.84531427106795
519.75081427106795
622.91951427106795
724.20811427106795
825.44761427106795
114.98711427106825
216.9431427106825
318.17741427106825
418.80281427106825
519.98671427106825
622.93431427106825
724.14141427106825
825.4071427106825
115.15211427106855
217.16191427106855
318.02041427106855
418.85421427106855
519.80111427106855
623.16721427106855
723.95631427106855
825.56721427106855
115.28891427106885
217.27041427106885
317.94211427106885
419.05491427106885
519.91031427106885
623.09821427106885
723.71461427106885
825.40751427106885
115.47081427106915
217.22021427106915
318.16671427106915
419.14881427106915
519.75411427106915
623.24321427106915
723.95031427106915
825.49071427106915
115.41881427106945
217.39171427106945
318.20861427106945
418.90851427106945
519.87081427106945
623.37411427106945
723.75511427106945
825.70711427106945
115.21981427106975
217.19151427106975
317.9791427106975
418.77241427106975
519.76361427106975
623.27881427106975
723.78931427106975
825.72041427106975
115.26441427107005
217.211427107005
318.17781427107005
418.78791427107005
519.74511427107005
623.43911427107005
723.79121427107005
825.58021427107005
115.44061427107035
217.30981427107035
318.42771427107035
418.81931427107035
519.91511427107035
623.51961427107035
723.82051427107035
825.3561427107035
115.30881427107065
217.5261427107065
318.46241427107065
418.81661427107065
520.0521427107065
623.47591427107065
723.72381427107065
825.49661427107065
115.27851427107095
217.45571427107095
318.34491427107095
418.92981427107095
520.22891427107095
623.30351427107095
723.72041427107095
825.44111427107095
115.44081427107125
217.54271427107125
318.49731427107125
419.16231427107125
520.35891427107125
623.35171427107125
723.6621427107125
825.31821427107125
115.35461427107155
217.46151427107155
318.59281427107155
419.34991427107155
520.58741427107155
623.10861427107155
723.49031427107155
825.38581427107155
115.47071427107185
217.31481427107185
318.43221427107185
419.29321427107185
520.42061427107185
623.30861427107185
723.2851427107185
825.19881427107185
115.68671427107215
217.22311427107215
318.6111427107215
419.12811427107215
520.18351427107215
623.53071427107215
723.14151427107215
825.3621427107215
115.4741427107245
217.2351427107245
318.4321427107245
419.2581427107245
520.2691427107245
623.50941427107245
723.01181427107245
825.14981427107245
115.30641427107275
217.4811427107275
318.43581427107275
419.15711427107275
520.14271427107275
623.58391427107275
723.17181427107275
825.26041427107275
115.44451427107305
217.25111427107305
318.4541427107305
419.3491427107305
520.14811427107305
623.44681427107305
723.21851427107305
825.04751427107305
115.20381427107335
217.35481427107335
318.55261427107335
419.14151427107335
520.26961427107335
623.50411427107335
723.02121427107335
825.23761427107335
115.35531427107365
217.35441427107365
318.46891427107365
419.01751427107365
520.11571427107365
623.63011427107365
722.94891427107365
825.42881427107365
115.4751427107395
217.18991427107395
318.46061427107395
419.20551427107395
519.92131427107395
623.77231427107395
723.02481427107395
825.57681427107395
115.58821427107425
216.9761427107425
318.2331427107425
419.16181427107425
519.80711427107425
623.62651427107425
723.02131427107425
825.73371427107425
115.53171427107455
216.99641427107455
318.10221427107455
419.23141427107455
519.81031427107455
623.85471427107455
722.9631427107455
825.52221427107455
115.30331427107485
216.77631427107485
318.11511427107485
419.41091427107485
519.78411427107485
623.9441427107485
723.1421427107485
825.72351427107485
115.47111427107515
216.73191427107515
318.32541427107515
419.6491427107515
519.59221427107515
623.69771427107515
723.1421427107515
825.94371427107515
115.68741427107545
216.91271427107545
318.12771427107545
419.78431427107545
519.56671427107545
623.90081427107545
723.0931427107545
826.11741427107545
115.69561427107575
216.90661427107575
318.31781427107575
419.77541427107575
519.38981427107575
623.79551427107575
723.01851427107575
826.12521427107575
115.63061427107605
216.71411427107605
318.20491427107605
419.6091427107605
519.37091427107605
624.04041427107605
723.26691427107605
826.05721427107605
115.60511427107635
216.95571427107635
317.97371427107635
419.43371427107635
519.4631427107635
624.18891427107635
723.21531427107635
826.16511427107635
115.7441427107665
216.7911427107665
317.91321427107665
419.33041427107665
519.25331427107665
624.30591427107665
723.28241427107665
826.32731427107665
115.67781427107695
216.5531427107695
317.91971427107695
419.45611427107695
519.02681427107695
624.53251427107695
723.35621427107695
826.41571427107695
115.74681427107725
216.45871427107725
317.67851427107725
419.35781427107725
518.7861427107725
624.60411427107725
723.11581427107725
826.32161427107725
115.991427107755
216.50741427107755
317.4481427107755
419.30911427107755
518.77711427107755
624.40941427107755
722.9821427107755
826.08241427107755
116.11011427107785
216.44521427107785
317.2551427107785
419.33711427107785
518.56511427107785
624.54391427107785
723.14741427107785
826.06721427107785
116.21711427107815
216.60941427107815
317.37521427107815
419.45461427107815
518.48091427107815
624.35171427107815
723.38731427107815
826.04391427107815
116.46371427107845
216.70691427107845
317.55631427107845
419.25081427107845
518.27751427107845
624.54711427107845
723.2211427107845
826.18111427107845
116.39221427107875
216.76591427107875
317.36251427107875
419.19061427107875
518.03871427107875
624.56551427107875
723.0561427107875
826.14421427107875
116.63011427107905
216.76991427107905
317.11621427107905
418.99581427107905
518.23021427107905
624.69051427107905
723.281427107905
825.94951427107905
116.69071427107935
216.98631427107935
317.00451427107935
419.09471427107935
518.23061427107935
624.6391427107935
723.45041427107935
826.15281427107935
116.76621427107965
216.8641427107965
316.83631427107965
419.09441427107965
518.16991427107965
624.54411427107965
723.34341427107965
826.29111427107965
116.74621427107995
216.7521427107995
317.01241427107995
419.3211427107995
518.40341427107995
624.55261427107995
723.24211427107995
826.27591427107995
116.95631427108025
216.71431427108025
316.82721427108025
419.45021427108025
518.39671427108025
624.43591427108025
723.0471427108025
826.17691427108025
116.98981427108055
216.52851427108055
316.58691427108055
419.38211427108055
518.16191427108055
624.59121427108055
723.15741427108055
826.04781427108055
117.21221427108085
216.70151427108085
316.54151427108085
419.56061427108085
518.10341427108085
624.481427108085
723.17911427108085
826.14821427108085
117.24591427108115
216.64731427108115
316.5961427108115
419.67421427108115
518.17451427108115
624.29551427108115
722.93751427108115
826.11811427108115
117.20021427108145
216.70031427108145
316.54221427108145
419.8541427108145
518.0441427108145
624.36571427108145
723.09921427108145
825.89181427108145
117.30451427108175
216.51211427108175
316.44251427108175
419.88481427108175
518.00661427108175
624.37561427108175
723.00061427108175
825.89641427108175
117.12741427108205
216.75471427108205
316.6441427108205
419.82421427108205
518.06491427108205
624.31711427108205
723.13361427108205
825.89371427108205
